00000000000000000000000000000000
00000000000000000000000000000001
00000000000000000000000000000011
00000000000000000000000000000111
00000000000000000000000000001111
00000000000000000000000000000000
10000000000000000000000000000001
11000000000000000000000000000001
11100000000000000000000000000001
11110000000000000000000000000001
00000000000000000000000000000000
11111110000000000000000000000001
00000111000010000011100000000001
00111111111111111111111111111001
00000000000000000000000000000000
11111111111111111111111111111111